322748
322747
322746
322745
322744
322742
322739
322738
322737
322736
322735
322734
322733
322732
322728
322727
322725
322724
322723
322720
322719
322716
322714
322713
322712
322709
322708
temp_27
322706
322705
322702
322700
322697
322696
322695
322693
322692
322690
322688
322686
322683
322681
322680
322679
322678
322677
322676
322674
322672
322671
322669
temp_51
322667
322666
322665
322663
322662
322660
322659
322658
322656
temp_61
322655
322652
322651
322650
322649
322648
322647
322646
322643
322641
322640
322639
322638
322634
322633
322632
322631
temp_79
322630
322629
322628
temp_83
322627
322626
322625
322624
322622
322620
322618
322617
322616
322615
322614
322612
322611
322610
322609
322608
322607
322605
322604
322601
322600
temp_105
temp_106
temp_107
temp_108
temp_109
temp_110
temp_111
temp_112
temp_113
temp_114
temp_115
temp_116
temp_117
temp_118
temp_119
322758
322756
temp_2
temp_3
323022
323021
323024
323020
323017
322968
323015
323014
323011
323010
323008
323005
323003
323002
323001
322997
322995
322994
322990
322989
322983
322982
322980
322979
322977
temp_33
322974
322973
322963
322962
322961
322957
322956
322955
322954
322953
322952
322951
322950
322949
322948
322947
322946
322945
322944
322941
322939
322938
322937
322936
322935
322934
322933
322932
322931
322929
322927
322925
322922
322920
322919
322918
322916
322915
322914
322911
322910
322908
322906
322905
322904
322903
322902
322900
322899
322897
322895
322894
322893
322889
322887
322886
322885
322884
322883
322882
322881
322879
temp_100
322877
temp_104
